[IMG_1853.JPG]
filters=sat=1,1.000000;dir_tint=1,0.500000,0.500000,1.000000,0.742690,ffffffff;radsat=1,0.339107,0.585158,-0.345029,0.000000;warm=1;
backuphash=11833
text=2;129;6;STATKI;Garamond;0.094720,0.138684,0.266667,0.000000;v1,4279918968,4278190080,128.000000,1.000000,0.130841,1.000000,700,2,49152;;146;22;AUTOR: AGNIESZKA LUTAK;Garamond;0.444840,0.817551,0.044444,0.000000;v1,4279918968,4278190080,128.000000,1.000000,0.130841,1.000000,700,2,49152;;
textactive=1
